2|SB1|6|1|311102331122331222534424534444555544
1|SB1|6|1|000000200010223111223355423355333555
2|SB1|6|1|111000122204111204332244555545555555
3|SB1|6|1|100000101000111002133322443335445555
4|SB1|6|1|002221022111022111033331455533445555
3|SB1|6|1|000001003001243011243315445555455555
1|SB1|6|1|000333110003512233522533545533555553
2|SB1|6|1|001111022111002555444435454435555555
3|SB1|6|1|011133002113022213224333554433555533
3|SB1|6|1|000000001110011124031224335244355544
2|SB1|6|1|000111030313233333233344223444225444
4|SB1|6|1|100000111220332224344424334444554444
1|SB1|6|1|000000100030002030333030343333344533
2|SB1|6|1|000001000111023111223333223334553444
2|SB1|6|1|000221400231422231442233544553555553
2|SB1|6|1|000033200113255533245335245355555555
2|SB1|6|1|111100122102122202132222133342555444
2|SB1|6|1|001113001113204113444153444555445555
2|SB1|6|1|311120331122331122534422555442555542
2|SB1|6|1|000000110002134002134442535442555444
2|SB1|6|1|022111222211422111422131444333555533
2|SB1|6|1|002222011222044425034225334425355555
2|SB1|6|1|300000322221324244324444522444552444
3|SB1|6|1|011222001112333332333334533444553444
3|SB1|6|1|100002111022100025133325433225333555
2|SB1|6|1|011111111111223341255341555344555544
3|SB1|6|1|220011223001423335422335444335444455
2|SB1|6|1|000000002011022222035222335542355222
2|SB1|6|1|220001322011322000330044300044550444
2|SB1|6|1|001111000111022111223113433333443555
3|SB1|6|1|000111000211022221225344255444255544
2|SB1|6|1|000000000001520011522031544333533333
4|SB1|6|1|001111401311400322400325444525444555
2|SB1|6|1|000111001111552211352414352444552444
4|SB1|6|1|012222011222022225333455344445345555
2|SB1|6|1|000002113332133222133322435222435222
2|SB1|6|1|000113022113022113024433024435024435
1|SB1|6|1|011111433331442331443333443353433553
2|SB1|6|1|000011023001223011233333243335233355
2|SB1|6|1|000000001111002211442335542555555555
3|SB1|6|1|001222301222305222335422355444335544
2|SB1|6|1|000011000112000022530222555242555544
1|SB1|6|1|000000111000441200344440444450455550
1|SB1|6|1|111220155222555222335222355442355422
3|SB1|6|1|200111221131223331422235455535444555
2|SB1|6|1|001333011113211133244435244445444445
3|SB1|6|1|111000231110233100223140533144553344
2|SB1|6|1|000000110000222300422330444530455530
2|SB1|6|1|112022112222122222333352445352555552
2|SB1|6|1|000000000011222221333221334551355555
2|SB1|6|1|000000111030422330455530445533455533
2|SB1|6|1|000011000011221111233444225454255554
2|SB1|6|1|100000111222133332133322143342544444
2|SB1|6|1|000113000133022223022223224225244455
2|SB1|6|1|221110211111222144323114333444555555
1|SB1|6|1|000001000101220111223333224343254443
2|SB1|6|1|200000211303212333222553242533225555
3|SB1|6|1|111000111110124130224430444330553333
2|SB1|6|1|000111000011022211322221335544333555
2|SB1|6|1|000111000011023311222333222433554443
2|SB1|6|1|203111233314223314222344223344555344
4|SB1|6|1|001111000111211111233111235544335544
2|SB1|6|1|012222011112002222332244522224555554
4|SB1|6|1|000001000011211111245513245533225555
3|SB1|6|1|000000110022440022440332445532444555
2|SB1|6|1|220000120033122003122333524433554444
2|SB1|6|1|001222501222503222533442555444555544
2|SB1|6|1|333300111322411332443355445555444555
2|SB1|6|1|113300122333222323422223444555455555
2|SB1|6|1|220000120000122200155230145530445533
2|SB1|6|1|002111022121022221555533455333455553
4|SB1|6|1|111000111020121020322220352544555554
4|SB1|6|1|100000111000111220334422334422355422
3|SB1|6|1|000000120000222200333244344445335555
4|SB1|6|1|000111011112014132044333044353044553
2|SB1|6|1|000011020011222011223114253114255514
4|SB1|6|1|110000111020131220433322455352445552
2|SB1|6|1|000000100000111322143325443555455555
1|SB1|6|1|000000300201330244300224222244225244
3|SB1|6|1|220000221000222220222230444533455555
2|SB1|6|1|000012000112033342333444343344544444
2|SB1|6|1|201111201111221111244135244535245555
3|SB1|6|1|110000111222131125331155344155335555
2|SB1|6|1|000001000001022111332444552244555544
2|SB1|6|1|200111222133222335224335244455224555
2|SB1|6|1|022222331112333312531114534444555444
3|SB1|6|1|000001333001233011233315243555333555
1|SB1|6|1|222000122003552203522333544433553333
2|SB1|6|1|100555145555144352143355143355333555
2|SB1|6|1|001112011142011442351142351442555444
2|SB1|6|1|222210221111224115224335444455444455
2|SB1|6|1|301111332111322211325241355441555411
1|SB1|6|1|333001333301233001333011555541555111
3|SB1|6|1|000011005111005522035542335442555555
2|SB1|6|1|111033121133122233122253442553455555
4|SB1|6|1|000111300111332211352444552444554444
2|SB1|6|1|200000202100222130221133411133455553
3|SB1|6|1|200011220013222333223333222344522344
2|SB1|6|1|110004110044532244532244522244555244
2|SB1|6|1|111104111004111224132244532544555544
2|SB1|6|1|000333001322000332443322444325444355
2|SB1|6|1|000000220001233304533334533444553344
4|SB1|6|1|220000120000122000112030142533445533
2|SB1|6|1|222100223103223333223444525444555544
4|SB1|6|1|100000111000111200132220335554355544
2|SB1|6|1|300001322221322255332455444455555555
2|SB1|6|1|111000110000122200132200333404555444
4|SB1|6|1|200001200011221111422113452133555555
3|SB1|6|1|002222500021530221532221552541555541
1|SB1|6|1|111110321212322222333342353442355544
4|SB1|6|1|122200123330122233114553444555555555
2|SB1|6|1|000111001111001222333242333445333555
3|SB1|6|1|122230111233122223122533442533445533
2|SB1|6|1|000111020115420315433315444515555555
2|SB1|6|1|112203112233112223154233554553555553
2|SB1|6|1|223300123300122333133335143355555555
2|SB1|6|1|000000033011223001533111544141554444
2|SB1|6|1|000000011000221111521333544433555444
2|SB1|6|1|200000222015223315222315423335555555
3|SB1|6|1|110000111002113022133225134445333555
3|SB1|6|1|000011020111020111224335244435245555
1|SB1|6|1|000000111203112203122203142553555533
2|SB1|6|1|111220122244333224333444355544555554
4|SB1|6|1|000001002011002441332241534241554441
2|SB1|6|1|000001000011002113505553545553555533
2|SB1|6|1|000000104002134022134555334455355555
2|SB1|6|1|110000111120111420354422554442554444
3|SB1|6|1|011111011131021131024433004533004553
2|SB1|6|1|442200412220442220443300444300555500
4|SB1|6|1|000111000111332211322441322244552244
3|SB1|6|1|000000221111322221325111325514355555
4|SB1|6|1|000111001122001122001333443355443355
4|SB1|6|1|332001332201332211355244555244555444
2|SB1|6|1|100000113000113002113305143335443555
2|SB1|6|1|000011000113021113022533044533045553
2|SB1|6|1|220011220411223444523444554444555554
3|SB1|6|1|001111300011332222535552533542555522
2|SB1|6|1|211005211055233555243335243355333555
3|SB1|6|1|000124001124300224333444353445355555
2|SB1|6|1|000001000111220111233114555444554444
2|SB1|6|1|001111201111222111242331245311255511
4|SB1|6|1|111002311022344425333455334445333455
2|SB1|6|1|330111331121333224322244555445555555
2|SB1|6|1|111000311220312200333344555554555555
2|SB1|6|1|200004202014222334233344223344233544
3|SB1|6|1|000022111002141442341452344455355555
2|SB1|6|1|100002111322413325413225455555555555
3|SB1|6|1|000002111022131222131442533422555442
2|SB1|6|1|000213022213002113022533455553555533
4|SB1|6|1|100000111100211100225300225334555344
2|SB1|6|1|001113001133421133411113444455455555
2|SB1|6|1|000005110055311255314555344555555555
2|SB1|6|1|000011020011022011223331233344255334
2|SB1|6|1|122000112020112020312222344422445555
4|SB1|6|1|000001000011022111223333255344255344
2|SB1|6|1|202111222111222251233554235544255555
2|SB1|6|1|200001202111222221442531542511555555
3|SB1|6|1|100000113200133222133334134434533444
4|SB1|6|1|111000111000111124132224533554555544
2|SB1|6|1|011133001113002153555553554444555554
4|SB1|6|1|000222100222110222333252344452335555
2|SB1|6|1|000011000112031112033222333442353444
2|SB1|6|1|100000111002111022333322455522555222
2|SB1|6|1|000111331122333222434422444442555542
2|SB1|6|1|111100111110422000442003444503455553
3|SB1|6|1|220111200001222211222233422335444555
2|SB1|6|1|001111001111203111203334223444555444
3|SB1|6|1|100000110040311240312244222254555554
2|SB1|6|1|110000511000511220531220544400555440
4|SB1|6|1|001222001112011222311112333544555544
1|SB1|6|1|222033220031222333422235455555555555
4|SB1|6|1|111022100022100224330444355444335444
2|SB1|6|1|001122441322443352444355444355333355
2|SB1|6|1|000001000101200111223144523444554444
2|SB1|6|1|000002001112333512355522335542555222
2|SB1|6|1|133000113000133220333220433522455552
3|SB1|6|1|003333200113211133111113414553444555
2|SB1|6|1|111033133333112323112223142223444455
3|SB1|6|1|200000222001252211252533455553555553
4|SB1|6|1|000111001121033322000355044355444555
2|SB1|6|1|200001202111222111253514255544225544
2|SB1|6|1|000011000111002221455235455225445555
2|SB1|6|1|100333133333132253222553442253455555
2|SB1|6|1|301111331111322211322222524442555542
2|SB1|6|1|001111500011502221533221553341555511
4|SB1|6|1|000002000112000122553322555442544422
2|SB1|6|1|100055122035122335222335442355433355
2|SB1|6|1|001222011122013112033142033444533334
2|SB1|6|1|022111222231442233422233444533445555
2|SB1|6|1|311002311022331022331554331154335555
3|SB1|6|1|111000111130221130422233445533555333
1|SB1|6|1|003333033122033322033322055442052222
2|SB1|6|1|200111220111222211334211334515335555
4|SB1|6|1|111100111100133224533324535324555544
2|SB1|6|1|111110111110311120333222334444355444
3|SB1|6|1|000111001101200001243331243355233355
4|SB1|6|1|000000010022113022333224333424355444
2|SB1|6|1|112220122222132244335444335444355444
1|SB1|6|1|000000100020300022330422344442555444
3|SB1|6|1|001111001111200000233044253334555534
2|SB1|6|1|001112311222332222333244355444355554
2|SB1|6|1|200011202011222313223333233334533444
2|SB1|6|1|001111011121333221353241553341555551
2|SB1|6|1|022111222211222214333244553444555444
3|SB1|6|1|110000110200112240133244135224555444
2|SB1|6|1|000000000001220311533314553344553333
2|SB1|6|1|100000111000111322313322333424533444
2|SB1|6|1|100044100444110042143442544444554444
2|SB1|6|1|110000311110322220333320452220555520
3|SB1|6|1|110000111030220030222230242333445555
3|SB1|6|1|111002111222131222534442533422555422
2|SB1|6|1|000033020031023333533333554443555333
2|SB1|6|1|011222001122311422331422344442335544
2|SB1|6|1|000111221131241335443355443335555555
2|SB1|6|1|000011000112000122303442333342533344
4|SB1|6|1|210000211100214100224333524443553333
3|SB1|6|1|000011002011202413222443234443533333
1|SB1|6|1|110022111222111252113252433355335555
3|SB1|6|1|002111002211222333224433224434544444
2|SB1|6|1|200011222313222333223353244353444455
4|SB1|6|1|000111001111002221222531422533455553
2|SB1|6|1|204433224113244133554135554535555555
2|SB1|6|1|110222110232112233144433144455114455
1|SB1|6|1|000022310024355224354444354444355444
2|SB1|6|1|000011011114033124031124033354055555
2|SB1|6|1|000000220111200033240535245535445555
2|SB1|6|1|000001220011220013222013245533555555
4|SB1|6|1|300000301110331122334111434415444555
1|SB1|6|1|022222002221422233442233444553445555
2|SB1|6|1|110000311100334124534114534444555444
4|SB1|6|1|111200121222122233154333554443555333
4|SB1|6|1|000111020011022214023334222554255544
1|SB1|6|1|112022112222111322113322433322443552
2|SB1|6|1|000122011122044122034422033444333544
2|SB1|6|1|100000111123411223413333444433444453
3|SB1|6|1|000011011112033322000355443355455555
2|SB1|6|1|133300111302131322131335433335555555
4|SB1|6|1|110000130022130022333222353424553444
3|SB1|6|1|111102111222122222325242355444335555
2|SB1|6|1|001111001111201111244131244335244555
2|SB1|6|1|222220211130222233224333444355444355
2|SB1|6|1|112200132222132222333222335442335542
2|SB1|6|1|000011444015241115441335445355555555
3|SB1|6|1|001111001111200114223144333544555544
3|SB1|6|1|000004030014233014223344233444553344
2|SB1|6|1|011111444311442331444531445531445531
2|SB1|6|1|000000111020113020333220333324534444
2|SB1|6|1|022211222221422222422232442333445553
1|SB1|6|1|122000112000122200355224555524555555
2|SB1|6|1|000011002001002111332241332441554441
2|SB1|6|1|011142311142331442331144355544355554
1|SB1|6|1|011111222241552244532224552244555554
3|SB1|6|1|110000113300114302444333455355445555
3|SB1|6|1|110003111033112033140035144435444555
2|SB1|6|1|000000122300442330442330442533445533
3|SB1|6|1|000011000111002211022331422533455555
2|SB1|6|1|000001002211022213222233254443254333
2|SB1|6|1|100000110020342220344200344440555444
2|SB1|6|1|000000020001221111233144233344254444
2|SB1|6|1|322202314222334222334225444445445555
4|SB1|6|1|330111330001322221355524335544555554
1|SB1|6|1|001111201111202111202113222433254433
2|SB1|6|1|112023112223112333122433144433444553
2|SB1|6|1|000000241100243000443350444550455550
2|SB1|6|1|001111001111201114233314533344555344
2|SB1|6|1|110032513332533232553222553344555334
1|SB1|6|1|003333023213022213022113022433055533
2|SB1|6|1|000000110024000024330024355524333555
3|SB1|6|1|220000200001205003225033245553445553
1|SB1|6|1|000000120000122200223230243333443533
2|SB1|6|1|222001222111425135445135445535555555
2|SB1|6|1|000222110002330222333222334444555544
2|SB1|6|1|000222100022155224135524115224155544
2|SB1|6|1|110000311000311220332222534444534444
3|SB1|6|1|000000011200011222333233353334553334
2|SB1|6|1|330011300011332231533334544444555555
3|SB1|6|1|000000211100222113224433224333544433
2|SB1|6|1|000000100002110002330004350444355444
2|SB1|6|1|000222001122311222333442354442354442
2|SB1|6|1|302222300021355224355424335444555554
3|SB1|6|1|000022000112030222030444335544555544
3|SB1|6|1|220000211000223000223340223344555544
1|SB1|6|1|001111111111212111222331543331555511
1|SB1|6|1|000111002111022211355224554444554444
1|SB1|6|1|111000211100221330221530455500555000
2|SB1|6|1|110000311220331120331120344400354444
2|SB1|6|1|111002313222333222353222353442355544
2|SB1|6|1|000011000111033332003344005344055344
4|SB1|6|1|001111000011200111223144223554555554
3|SB1|6|1|000000001130022133021113224513244553
3|SB1|6|1|222100221103222233445535444555444555
3|SB1|6|1|000111111111112311222335242535245555
2|SB1|6|1|000012001112005222355442555542555522
2|SB1|6|1|110022100222130224332244335444335444
2|SB1|6|1|110003111103221133221335241355255555
2|SB1|6|1|111300411302411302415333445333445553
3|SB1|6|1|000011033112034442033344003344053444
3|SB1|6|1|000111000021002222022232455535455555
1|SB1|6|1|200000222011220001222331444333544333
2|SB1|6|1|200011201111225111225331255344225555
2|SB1|6|1|000000110020410223413333444453444453
2|SB1|6|1|222000220001222333443333445553555553
2|SB1|6|1|222110222114233144223114533344555334
3|SB1|6|1|111100112200113220133220335424555444
2|SB1|6|1|111000121110223330333434333444354444
3|SB1|6|1|211110221133221333221355244455445555
2|SB1|6|1|102222111112111112153442153442555444
2|SB1|6|1|110000111330144233145533145553144553
1|SB1|6|1|000000101200111202531222554422552222
2|SB1|6|1|201113221213222213244233442255555555
3|SB1|6|1|000022110022133024113024111444514444
3|SB1|6|1|001111552113522213533333534443533344
3|SB1|6|1|211101211111223331423533444535455555
2|SB1|6|1|100000110000111220333550443550433550
2|SB1|6|1|000000200301200344003334005344555444
2|SB1|6|1|200133221153222553424453444453444555
4|SB1|6|1|001111500221555222535444535544555444
3|SB1|6|1|110000110022335022355524355554555555
2|SB1|6|1|000000110330112330142330144333145533
4|SB1|6|1|000011001111200114223334523434553444
2|SB1|6|1|011111111112333112353344355444355554
3|SB1|6|1|311110311222331222531224535424555444
2|SB1|6|1|012222011112322222333342553442554422
4|SB1|6|1|100000112200113220133222433552433552
3|SB1|6|1|501111502211502111522233525443555544
2|SB1|6|1|111100221133222333244553245555555555
2|SB1|6|1|000000111000111002113004333444355554
2|SB1|6|1|000311203314253544553544555544555555
3|SB1|6|1|111000121130221433244453244455244555
4|SB1|6|1|110022310222330442333444353444355444
2|SB1|6|1|221000221113522333524333554333553333
2|SB1|6|1|330222130002333322335544355544555555
2|SB1|6|1|003122033122333322333222553444533333
2|SB1|6|1|000000002111222214322114355144335114
4|SB1|6|1|000011000001222111332214344444355555
2|SB1|6|1|000014320014322224344424554444555544
1|SB1|6|1|022221002211222211422113442555555555
3|SB1|6|1|400111402111442311422331445331555533
3|SB1|6|1|220000222011332004354444354444554444
3|SB1|6|1|110000111100222330243350245350255550
2|SB1|6|1|100244112244122224332244555444555554
1|SB1|6|1|222011422111425133455133453333555533
4|SB1|6|1|111000110000100020433322444552445552
3|SB1|6|1|112200111202122222122532145535444555
2|SB1|6|1|000000200001220331222331425531555331
3|SB1|6|1|000011005001225011225531244555444555
2|SB1|6|1|201111203114223444223334533344555444
2|SB1|6|1|000011333001233003233333243333445533
2|SB1|6|1|111220111222112222132222333444355554
4|SB1|6|1|002221002221222233425533424553444553
2|SB1|6|1|220000122000222550245553444453444455
4|SB1|6|1|000012000112333352343455344445344555
3|SB1|6|1|001111202211202221222331242531442533
2|SB1|6|1|000000100000111222334225344455345555
1|SB1|6|1|100000110022100002133502433502335502
1|SB1|6|1|001113001133201133441113444333455553
2|SB1|6|1|110000211110223340233440253444253444
2|SB1|6|1|100002110202333222332252334552355552
2|SB1|6|1|000111440031452031453333453533455533
2|SB1|6|1|000003100333144233444333444435555555
2|SB1|6|1|000001000101244111224113554443555555
3|SB1|6|1|112003122333442233442235445335455555
2|SB1|6|1|100033112033412553415553445555455555
3|SB1|6|1|000001000011002113222333225443255543
2|SB1|6|1|000111022111002211222213422233455553
3|SB1|6|1|000004122204122204333244355544355555
3|SB1|6|1|211110211111223111223314225344555444
4|SB1|6|1|000011022013002233442233422235422555
2|SB1|6|1|110000111000211000221033111443553333
3|SB1|6|1|111022112222132522132524335524355444
1|SB1|6|1|002111202221222244535444555544555444
1|SB1|6|1|111130122233222333222233442553455533
2|SB1|6|1|011133001113002133402533444533455533
2|SB1|6|1|001111301111332211534411544441555444
4|SB1|6|1|112200111222133323113333444433455555
4|SB1|6|1|111000110030222033222433244433554443
2|SB1|6|1|111000211100211130533330533440553444
4|SB1|6|1|100000100002112022332224355224555444
3|SB1|6|1|100000120004322244333244353554355544
2|SB1|6|1|002211002111022111023334022234005444
2|SB1|6|1|001111000111222111453331453535555555
2|SB1|6|1|111202411222433232433332445332445322
2|SB1|6|1|333011333311233111553341553441555111
2|SB1|6|1|000000000031402331422233455553555555
2|SB1|6|1|000222022221002231042231042533444553
1|SB1|6|1|100005111225555525553225455555555555
1|SB1|6|1|001111221121222222223244233244253334
2|SB1|6|1|000112033142333342333442333442533444
3|SB1|6|1|000111001112000322043332044532444555
2|SB1|6|1|222000232211332211355551355541355541
2|SB1|6|1|000222103222333224333224335224335544
2|SB1|6|1|000000000011222111233141555441555511
2|SB1|6|1|000011201114200344233344223444554444
3|SB1|6|1|133300113000453020453322455355455555
1|SB1|6|1|000000113302333332335355455555555555
2|SB1|6|1|001111000111520111523331555344555333
2|SB1|6|1|112200133222133222333442335542335544
1|SB1|6|1|001111003114203114533144555444555544
2|SB1|6|1|222000220001223304523304533444553344
3|SB1|6|1|331220331120333122354422355445555555
3|SB1|6|1|000000020010022311223331255344255444
2|SB1|6|1|110022111223114223114443144433144455
2|SB1|6|1|031112331112331222331142531442555422
3|SB1|6|1|111103211113244113224133444533555533
2|SB1|6|1|000000000001022111332411335444355544
1|SB1|6|1|012222111222111125334455355455355555
2|SB1|6|1|000000220100233333443353544355555555
2|SB1|6|1|000002041002443222443332443555445555
2|SB1|6|1|100000101033111233445533444553444555
1|SB1|6|1|220001220011222211223333223433524433
2|SB1|6|1|100002101002111422331422334445333345
2|SB1|6|1|111300122333222533442553442533555555
2|SB1|6|1|000005111105221105233305544355555555
1|SB1|6|1|001111201211222211445231545511555551
4|SB1|6|1|100000111000431120433322445222445552
2|SB1|6|1|222011221111211144213444333344355344
2|SB1|6|1|000000022221022211023333044333444533
2|SB1|6|1|330011330011332214533444535544555544
2|SB1|6|1|222220211300213303213333243433444455
2|SB1|6|1|110022100002122222133222333224335444
3|SB1|6|1|000022000112030012034442533544555555
2|SB1|6|1|000001002201033221332211322244354444
2|SB1|6|1|111202141222144222354452355452555555
4|SB1|6|1|322001322001322244355244555244555444
3|SB1|6|1|112200111223112233152243555443555544
2|SB1|6|1|220001322221332224533444553444555555
4|SB1|6|1|000011000011221111223444223454333554
4|SB1|6|1|000000110003122333142333144553114453
3|SB1|6|1|211100222144221143523343525343555333
3|SB1|6|1|000002102222112242533244555224555222
3|SB1|6|1|000000020001022211224433244533255553
2|SB1|6|1|000002100002432222433332443322445552
4|SB1|6|1|000000200011220031422331422551444451
1|SB1|6|1|331102331122332222352444554444555554
4|SB1|6|1|033333003331003221333211532244555224
4|SB1|6|1|000011003311200331223331245511445511
2|SB1|6|1|000022010002003332333335443335445555
2|SB1|6|1|000322113322433322433325443225433555
2|SB1|6|1|100000111100112202113222333442355522
2|SB1|6|1|000001202111222131555331445333555333
2|SB1|6|1|220011224013224013224333244533225553
1|SB1|6|1|000014000014020114022344004444504444
2|SB1|6|1|201113222113221153421153424455444455
2|SB1|6|1|100033102233222333443333445353455553
2|SB1|6|1|000111220011220001222003422333222533
3|SB1|6|1|111130121133222223422533425533555333
1|SB1|6|1|000000041003241033540030544000555555
2|SB1|6|1|110004311004333204354444554544555544
3|SB1|6|1|300000314000344420342222344252334455
2|SB1|6|1|200111220111223311223314233334235334
3|SB1|6|1|000112001112404152444355444335444555
4|SB1|6|1|111000211100223100223110533344555344
4|SB1|6|1|111002111402331402333445344445344555
3|SB1|6|1|100000110022411022453322453322455333
2|SB1|6|1|222001223301222344553334553444555544
2|SB1|6|1|110022111122133222553422533442534422
2|SB1|6|1|202311222311233314233344225334555334
2|SB1|6|1|000111002211002221222433222443524433
2|SB1|6|1|111101112111122213144233444223554443
2|SB1|6|1|000000100000110230411333441553555553
3|SB1|6|1|220001200111220044222334222234255534
2|SB1|6|1|022221022211422211411113444553455553
4|SB1|6|1|110000211110223110223400533440555444
3|SB1|6|1|111000121110223100233300235440255444
2|SB1|6|1|211100212144222244335554555554555555
2|SB1|6|1|011111111111422211444231444531444511
2|SB1|6|1|331000311102334402333442334452333555
2|SB1|6|1|100024100024132224332444332444555444
2|SB1|6|1|000000000001332221334411344455335555
2|SB1|6|1|110002110202112222354222354442555444
2|SB1|6|1|000013001013201113222213222433554443
4|SB1|6|1|111100133110333244332224535524555224
4|SB1|6|1|112000112200112233144235144455444455
3|SB1|6|1|000012400112403112403322444325433355
2|SB1|6|1|000001000011333211333444553444533334
2|SB1|6|1|000000110200411222414322444332433352
4|SB1|6|1|111110111220111420133420333400555550
3|SB1|6|1|200001202001222011423311433511445555
2|SB1|6|1|001111111113214413555413544415555555
2|SB1|6|1|100000110022311022333322334333344553
1|SB1|6|1|000001000111331112355522355542555522
2|SB1|6|1|111110131222331222354222554422555522
2|SB1|6|1|201111201111222111223144253444255544
4|SB1|6|1|113300113320111322114333444333455555
2|SB1|6|1|302222300221335222355244335544555554
2|SB1|6|1|000011002221202111222333422533222533
3|SB1|6|1|000001003001223111343315344355333355
3|SB1|6|1|111100111102441002433022445225445555
4|SB1|6|1|000111005551233551223355443455444455
3|SB1|6|1|000111033122003322333325433225455555
2|SB1|6|1|550000533100523330522233554443555444
3|SB1|6|1|200001222301252333553334533444555544
4|SB1|6|1|000011001111023111223334253334255344
2|SB1|6|1|100000111033111132133335144335444455
2|SB1|6|1|000222001122001222311112551442555444
2|SB1|6|1|100000111020110022143322143322445552
1|SB1|6|1|220111222111222211222243225444255444
2|SB1|6|1|000000330011233011243311443511443551
2|SB1|6|1|001111022111322221352222352442555444
2|SB1|6|1|022222031222333224334424335444335544
4|SB1|6|1|100000110002110002342222344525344555
4|SB1|6|1|001111022121002221302222333542355544
2|SB1|6|1|000000112200311200312220444522445552
2|SB1|6|1|113000133333111342553344555444555444
2|SB1|6|1|115055115555311225341255344255345555
1|SB1|6|1|333550315500335204355544354444355444
2|SB1|6|1|112204122244115224135444335444335444
3|SB1|6|1|000000000111203331223334544434554444
2|SB1|6|1|011122111122113122413355444335433355
4|SB1|6|1|022221002111552231552233555443555544
2|SB1|6|1|200001200111202511222531422551445555
2|SB1|6|1|111110111122312224311224355244355554
1|SB1|6|1|000011001111221311233311244444544444
2|SB1|6|1|000000110005110225133225144425112225
1|SB1|6|1|200113211113212113222133224444444445
4|SB1|6|1|333001332211322114355414335444355544
2|SB1|6|1|110000211000255000225330245333245533
4|SB1|6|1|002222000211332222355222335442555522
1|SB1|6|1|000001000001024011444531444511444511
2|SB1|6|1|111000111110222130443333455533555333
4|SB1|6|1|000002110002122222132442133442555444
4|SB1|6|1|111000221110223100233110534140554440
4|SB1|6|1|000111011112001122011322443335455555
2|SB1|6|1|221000221110222144253144555144555444
2|SB1|6|1|100000113300133002133002455502455522
2|SB1|6|1|011222001112501122503122555142554442
3|SB1|6|1|111000122224111224335244555245555555
2|SB1|6|1|333110311120312222345552344555555555
4|SB1|6|1|200011202011202111222333554433544333
2|SB1|6|1|111000111110223100223100233444553444
1|SB1|6|1|000000001100200130200133204443244453
2|SB1|6|1|111205311255331225333345344445445555
2|SB1|6|1|302111322121332221333524353544555544
1|SB1|6|1|200000211100221130221333455353555553
2|SB1|6|1|000000111000131102531442533422552222
1|SB1|6|1|111100311100311420333440334440354440
3|SB1|6|1|110002111002110022130024334424355444
2|SB1|6|1|000001000001222001332211332244555544
2|SB1|6|1|111220131244333224333524335544555554
3|SB1|6|1|000011002111002113222433244433544433
3|SB1|6|1|111220112222311222341425344425355555
2|SB1|6|1|000000100000111200533222553524555544
2|SB1|6|1|111000131100131102334122334442354442
3|SB1|6|1|100002111002110002113022433335444455
3|SB1|6|1|000000001300211303223333525534555444
4|SB1|6|1|000011000411020411222433255444554444
2|SB1|6|1|100000111000112222111523415533555333
2|SB1|6|1|111002311122315222335522535242555222
1|SB1|6|1|000000110300133302113222413332443522
4|SB1|6|1|000011003311223111533414553444553444
4|SB1|6|1|111000110000111320333320433522455552
3|SB1|6|1|210000211330223330223535445555555555
2|SB1|6|1|100000111302133302133222433555333355
2|SB1|6|1|000003111103224003444433444434554444
2|SB1|6|1|055111051122055552045352443355455555
2|SB1|6|1|111110331113231333233333253344255555
4|SB1|6|1|112202122202132222332424355444355444
2|SB1|6|1|022222002221222222424232444333555555
2|SB1|6|1|000001002011202113222443222433524433
2|SB1|6|1|011222011112522222523342522442552444
2|SB1|6|1|000222110024300224335424355444555544
3|SB1|6|1|111100222114233114223414255444255544
3|SB1|6|1|000111000011200044203544003554555544
4|SB1|6|1|222001222011232214332214532444554444
2|SB1|6|1|000222100002132222535222535444555554
3|SB1|6|1|100000111002111332433322443322443522
2|SB1|6|1|111000111000122240232544222554555544
2|SB1|6|1|000001000011200111225513444515455555
4|SB1|6|1|111000121110122122132222533324555344
2|SB1|6|1|100000101033111233444533444555455555
3|SB1|6|1|000111001122031112033322043425444455
2|SB1|6|1|122033122235122335122235445225455555
3|SB1|6|1|200001200101221111422133455533555333
3|SB1|6|1|000221000211220223222233444443544333
3|SB1|6|1|111220111222331422333442354444355554
2|SB1|6|1|000001011111002233044233044433054433
2|SB1|6|1|000000110000110032111332445552444552
2|SB1|6|1|110222111222113324133524113554555555
4|SB1|6|1|000011000111202211222231455533445533
2|SB1|6|1|111220131224335224335544355544555544
2|SB1|6|1|133303113333133233333333433335455555
3|SB1|6|1|000111400513420513455533455335445555
4|SB1|6|1|111102112202111222133322435552444555
2|SB1|6|1|100000111000111002113322413335433355
2|SB1|6|1|111102121122322224332444355554555444
2|SB1|6|1|000011000112033312333322334344354444
3|SB1|6|1|000011200011223111223334222444522444
3|SB1|6|1|000001001111011122031442533542555542
2|SB1|6|1|110002111002122222113332413332411522
2|SB1|6|1|111103141223442233544333554455555555
2|SB1|6|1|331110311222332224342224344444554444
3|SB1|6|1|111000111102110002433322444325444355
4|SB1|6|1|110000100100111102553422533442555444
3|SB1|6|1|300022300112333112343311343444544444
2|SB1|6|1|000000211100222111222333244443544433
2|SB1|6|1|211000211100221103224133244333544333
2|SB1|6|1|000000310022340002340222344445344555
2|SB1|6|1|110000110233222233224433444433454443
4|SB1|6|1|110000211100223110233300443500443550
2|SB1|6|1|110000111030111230111233114243554443
1|SB1|6|1|011111113311112331112231443333443533
2|SB1|6|1|311000331110333424353444554444555544
4|SB1|6|1|200111220114220144233444255444255544
2|SB1|6|1|000000000001222111233311234444554444
3|SB1|6|1|200000222001224033544033544443553333
3|SB1|6|1|111000122220222233424223444553455533
3|SB1|6|1|000111011111021131224333244553245553
4|SB1|6|1|111000113330133442134444155544555544
2|SB1|6|1|113302113322111322333325444525444555
2|SB1|6|1|003333000231022233022533452533555533
2|SB1|6|1|000111111111112231222433224443255443
3|SB1|6|1|000011000111202211222531455531445555
2|SB1|6|1|000001022311022331025333225334255554
2|SB1|6|1|100000101000111002312222354444555544
2|SB1|6|1|001111001111200333440053444553445555
4|SB1|6|1|111000551020511020533422554422554444
4|SB1|6|1|110000111110211000221130445533455533
2|SB1|6|1|000222030122033322532222532442555544
2|SB1|6|1|111023112023112223144223144533444555
2|SB1|6|1|122000112020222220322220344550345550
2|SB1|6|1|211100222133224333224333544443555443
1|SB1|6|1|200000220001225033225333425533225333
3|SB1|6|1|100000110000411020433022444522444522
2|SB1|6|1|301111332121332221322111522441555441
2|SB1|6|1|100002100222302222333422555424554444
3|SB1|6|1|111004122044112244333244353444355554
2|SB1|6|1|000011420001420555425355455555455555
3|SB1|6|1|000133211133211533415553444553445555
3|SB1|6|1|210000211000211100222333523334553444
2|SB1|6|1|000111000011020111222113444333445555
3|SB1|6|1|112220111222112233142333144553445555
2|SB1|6|1|112220144222142233144333144533444533
1|SB1|6|1|222200122200442200422230445335555555
2|SB1|6|1|001112011112011112333442553442544422
2|SB1|6|1|220001223111223144523444554444555444
2|SB1|6|1|000000111000211113221113444333445533
2|SB1|6|1|222220132000132224335444335444355444
2|SB1|6|1|000000000221302255302455334445344555
2|SB1|6|1|022222011522445552445355444555444555
2|SB1|6|1|000000100200422200424330444533445533
2|SB1|6|1|000111000001222211322111322444352444
2|SB1|6|1|000011222001222011322441332441552444
2|SB1|6|1|000221002211002211022443025433055433
3|SB1|6|1|110000111500221500211530445555445555
4|SB1|6|1|111003211123222223242233244433544333
2|SB1|6|1|011111332121532221533241535441555111
4|SB1|6|1|000002010022113022133422133424554444
2|SB1|6|1|333022133222133222533422533424554444
4|SB1|6|1|001111022211022331222231422533444555
2|SB1|6|1|000002103002433302433335443555333555
2|SB1|6|1|021111222221222231425531444551555551
4|SB1|6|1|000221022211002233005553044533005555
3|SB1|6|1|300022300221302225334425334425344555
2|SB1|6|1|200111211135211135224435444335333355
2|SB1|6|1|000005021005224555244335443355433555
4|SB1|6|1|000011022111002231022231455233445553
2|SB1|6|1|011111112231422231422233445553445533
3|SB1|6|1|221100221103522333544434554434555444
2|SB1|6|1|000000223100223110223311233341555544
3|SB1|6|1|220000222210233344223334525444555544
2|SB1|6|1|111110111233422223442233444553445553
4|SB1|6|1|000111020011020331223311425333455553
2|SB1|6|1|003114003314223414333444554454555554
3|SB1|6|1|000222000211032244032444335444335444
4|SB1|6|1|311100313111313222333244552224555544
2|SB1|6|1|000033222031230033233333535543555443
4|SB1|6|1|000000300120351122354444354444355444
3|SB1|6|1|000111022221023333443533455533455553
2|SB1|6|1|300000300112334412344444354444355444
2|SB1|6|1|000002110022110222144433444453444453
2|SB1|6|1|220111222313224313224333244333255533
4|SB1|6|1|000111020011222211342211344215334555
2|SB1|6|1|000000022001022233022333044553445555
3|SB1|6|1|100333110003112223142333442233222253
2|SB1|6|1|200001200111222131224331444333544333
4|SB1|6|1|001111022211000214322224352544355544
4|SB1|6|1|200013201013211113221133524433555433
2|SB1|6|1|100002133332434322434325444525445555
4|SB1|6|1|000001000011205514225334225534225544
4|SB1|6|1|003311003313522333552333555344555555
2|SB1|6|1|110000111000311102331122444442544422
4|SB1|6|1|110000111000221000221333554433554333
3|SB1|6|1|110000100300113332333222333344335554
2|SB1|6|1|022222002221222231422233445223445523
2|SB1|6|1|000222100002402222422223445333455553
2|SB1|6|1|000000221110221233222233452333455333
2|SB1|6|1|110000111133213333444435445445555555
2|SB1|6|1|000011022221000222300222344252335552
2|SB1|6|1|000000110000412300412330444533555553
2|SB1|6|1|111000311120311122333455334455333445
2|SB1|6|1|000001330111233311333414335444555444
2|SB1|6|1|000111020311020311023331224434554444
2|SB1|6|1|022221000211422223442223445253445555
4|SB1|6|1|001111000111020111222334253344555344
2|SB1|6|1|002111002111022111022333044443544443
2|SB1|6|1|330000300011305211355441335541555444
2|SB1|6|1|111000221110233130223334255534555555
2|SB1|6|1|113000133222332222333244353224353444
4|SB1|6|1|220011222001242301242333445553455533
4|SB1|6|1|000000002211222214235414335444355444
3|SB1|6|1|000000021101022111223335244335244355
4|SB1|6|1|100022110222530242530244555444555544
2|SB1|6|1|111110221115243155543355544355555555
2|SB1|6|1|110004111204111244133244133444155544
2|SB1|6|1|110444133224135224335244555244555554
2|SB1|6|1|000011000011002041332041322441555444
3|SB1|6|1|000122031122031222033554055554000555
4|SB1|6|1|222000521130522133552134544434555444
2|SB1|6|1|000000000111000211032224333444355554
2|SB1|6|1|032111332111332211333111531141555144
3|SB1|6|1|222003112333112235414535444555445555
2|SB1|6|1|111102111112111122333342335442355544
2|SB1|6|1|000001000111011142033142334442534422
4|SB1|6|1|111000221100223100223100523444553334
3|SB1|6|1|000111001122044332045355045555044555
2|SB1|6|1|001111001131211133441553444455444555
3|SB1|6|1|000111001112001332444322444325433355
2|SB1|6|1|011222001122111112153332553342555322
2|SB1|6|1|110000311020311220312200352440354400
1|SB1|6|1|001111000131020333003353444555445555
3|SB1|6|1|000221020021022221342221344411345555
1|SB1|6|1|000011022111222221233321253341253331
2|SB1|6|1|220000120000122300142303142333144453
2|SB1|6|1|021111222211222221422231444333445533
2|SB1|6|1|002222000221222233422333452353455553
2|SB1|6|1|000000010000112222144332445333445553
2|SB1|6|1|000222002221042223043333044335444555
2|SB1|6|1|311002312222342255342225344445445555
2|SB1|6|1|022111332111332211333111334441355541
2|SB1|6|1|111100112200155220115333455353555555
2|SB1|6|1|110000110020222220333322433555333355
2|SB1|6|1|331120311122333122443152445552444555
4|SB1|6|1|000011000111000221333322333344354444
3|SB1|6|1|000011021111022131223333223344255444
3|SB1|6|1|111100113322311332333322443222444522
2|SB1|6|1|110004110204111204533204552244555544
3|SB1|6|1|000012001112011322333322333444533444
2|SB1|6|1|022111222221442111422231442231555511
3|SB1|6|1|000000200110222110443311433551455555
3|SB1|6|1|002221002111402333442223544555555555
3|SB1|6|1|200111220111420111422333433333443335
2|SB1|6|1|000000100000111122443322444522445555
1|SB1|6|1|100002110022333322333322433322333522
3|SB1|6|1|222110221110211311233355244335444455
2|SB1|6|1|000000120030122030225030245033445533
4|SB1|6|1|222100221100222300225340225344555333
3|SB1|6|1|110000211020222220223220233554555544
2|SB1|6|1|111000111222113322133324333324354444
3|SB1|6|1|000000011032014332004322044352045552
3|SB1|6|1|000002011002530002533042533344555334
2|SB1|6|1|000111050231052233555333455353455553
2|SB1|6|1|000001000311020313222333255554255554
2|SB1|6|1|000000100000111222113342113442555442
2|SB1|6|1|200111220111020011000331400335000035
3|SB1|6|1|300000302241302244333344333344533444
4|SB1|6|1|100000101000111222111322443335455555
2|SB1|6|1|111000311000311112334222534442534442
3|SB1|6|1|000001000111302111322551324455333555
2|SB1|6|1|112200111220132220333350433550333500
3|SB1|6|1|111110114111334212334222344555345555
2|SB1|6|1|200005211115221335444435454535455555
2|SB1|6|1|100333110333412233422333442333444353
2|SB1|6|1|100000111002144022334422444422445552
2|SB1|6|1|111000111110223000223330333540355540
2|SB1|6|1|000000111000122300143330445300455500
4|SB1|6|1|113200113202133222135222115542555542
1|SB1|6|1|111102312222322222332255444255442255
2|SB1|6|1|000002140002440222433322444332444555
3|SB1|6|1|201133200113220413224433224435444435
3|SB1|6|1|330011333001233011223315443355433355
2|SB1|6|1|110000311200312200312222314225311225
3|SB1|6|1|110002112202411222411123441333444555
3|SB1|6|1|000011040112040112043122445122455555
3|SB1|6|1|111110111224222244325444325444335554
2|SB1|6|1|000001200101223111253331453311455331
2|SB1|6|1|211101221111221311224351244351445555
2|SB1|6|1|100000110002130002133322433322443355
2|SB1|6|1|000000100000111042113342513444555554
3|SB1|6|1|000114020014220344222334222234533333
3|SB1|6|1|003111033122003222433355444355555555
2|SB1|6|1|110033122033122533125533445533445553
2|SB1|6|1|000011200331222331552331544333553333
2|SB1|6|1|000002113002313302333332333344353444
4|SB1|6|1|000001000101002111422331455533445553
2|SB1|6|1|111000111122122122322222344422334445
2|SB1|6|1|300111333122333222333244352244355444
2|SB1|6|1|000000310000330020342222344425555555
2|SB1|6|1|111000131110133312333442334442544222
2|SB1|6|1|000000011022000032043332044333333353
3|SB1|6|1|100000113200113220333322455352555552
2|SB1|6|1|222000221100222100222130445533555333
2|SB1|6|1|300000301200301220334444354444355544
2|SB1|6|1|000001200301223331243331444411544441
4|SB1|6|1|000111000111020114223344233444553333
2|SB1|6|1|201111222221222233444233454553555533
2|SB1|6|1|111220211225222225244355245335245555
4|SB1|6|1|133220113200113222133555445555455555
2|SB1|6|1|000111001111222211223111333544555555
2|SB1|6|1|110000110100111122133222553442533322
2|SB1|6|1|111104111204111204133224535544555544
1|SB1|6|1|022111222211222211222213445223455533
3|SB1|6|1|000111200011222211232211334441355544
4|SB1|6|1|111000131222133442335444335544555544
4|SB1|6|1|300111322111322211332115344115444555
2|SB1|6|1|111000111110221100223111233444555555
2|SB1|6|1|000000211030215330225300245333555553
2|SB1|6|1|000111322122332222344442333542555544
4|SB1|6|1|111000120033222233524233544443554443
2|SB1|6|1|000111011111001122302222355444355554
2|SB1|6|1|111000111100222200222330445330555333
3|SB1|6|1|200011200011223114223334233444533444
3|SB1|6|1|000002110022111225133345133445113355
4|SB1|6|1|000011000112000022302222334425344455
2|SB1|6|1|000111002111002241322244322244354444
2|SB1|6|1|111100114223144233114433444533445533
2|SB1|6|1|000002010222012255314455114455155555
1|SB1|6|1|311101331111332222333222333442533442
2|SB1|6|1|330000311000314020344220354422352222
3|SB1|6|1|000000113000133220113324115344155444
2|SB1|6|1|000111040111244331244435244435244445
2|SB1|6|1|100022111222433225433555435555335555
3|SB1|6|1|000011300011322441324411333444554444
2|SB1|6|1|111000111102311122332222334452333452
2|SB1|6|1|220000122200422200422330444533455533
3|SB1|6|1|000021030221330222344422334225335555
2|SB1|6|1|000002001022403322433352444555555555
2|SB1|6|1|000111000131020333420333420223222253
3|SB1|6|1|200001220011244013224013524444555544
2|SB1|6|1|110000111110421000444033544333555333
2|SB1|6|1|000000001300221303421333441443444453
2|SB1|6|1|100002133302533332553342533344554444
3|SB1|6|1|000022001112000212355222335544555555
2|SB1|6|1|001111021111021111022344552334555544
3|SB1|6|1|000001200111220111522231554433555533
2|SB1|6|1|410000411222441332443332443332333532
2|SB1|6|1|001113001133200135404135444135445555
2|SB1|6|1|011112113122533222543342544442555422
3|SB1|6|1|111220111222332224532444552244555444
2|SB1|6|1|110000512222522233524433544433555444
2|SB1|6|1|002222001322333322333332543333555553
4|SB1|6|1|000111000011200011233554553554555555
2|SB1|6|1|000000011101012111332221335441555541
3|SB1|6|1|333022132222132333133335143535145555
1|SB1|6|1|000000001222000242334242444442455442
2|SB1|6|1|111110112223422533425533445533445553
1|SB1|6|1|011111111331222333455533445533555533
2|SB1|6|1|211005221055222555222335243355233555
3|SB1|6|1|000011030112033442033344034444035554
4|SB1|6|1|000211030211330225333455334445333455
2|SB1|6|1|111000123330122233122223225423555423
1|SB1|6|1|000005221105222115244355444555455555
2|SB1|6|1|000111021111023111003314005544055444
2|SB1|6|1|200001202101222111222231245333245555
2|SB1|6|1|000001030001032111332211352444354444
2|SB1|6|1|111000111200111220554223544222555222
1|SB1|6|1|000011000001000211302221552444552444
1|SB1|6|1|000000314440324240322240524440555444
2|SB1|6|1|111204111204111224133334133444155555
2|SB1|6|1|000011001112003112053442053342055544
2|SB1|6|1|000111001111201111222314252114552211
3|SB1|6|1|022222002122511122553111555541554441
2|SB1|6|1|000000411220412222444322444522444552
1|SB1|6|1|100022110222122252113355413555555555
2|SB1|6|1|110000211000210000210330245533444533
1|SB1|6|1|255000255100225330225530425530555500
4|SB1|6|1|222110222111233111223344553444555544
2|SB1|6|1|220003222113422333444333433353443355
2|SB1|6|1|022111322111332221332411352441355544
3|SB1|6|1|000111300411332451334451334455344555
2|SB1|6|1|220011220213222233222333455553555553
1|SB1|6|1|011111321121322221332211552241555241
2|SB1|6|1|211000211133215113555333554443555333
2|SB1|6|1|200111200111221111222333244433544333
2|SB1|6|1|310005312225342255344455344445445555
2|SB1|6|1|100033112333112433144443544433555553
2|SB1|6|1|000000111230122233111233114433544333
2|SB1|6|1|001111202111222111211131245133245553
2|SB1|6|1|110002111122132222433222445222445522
3|SB1|6|1|000001030001332211334451344451335555
2|SB1|6|1|110022111022331425331455331455333355
3|SB1|6|1|220000231100233104553404554444555444
2|SB1|6|1|100000110024113224113244153444153444
2|SB1|6|1|001111002111002111322221322544355555
4|SB1|6|1|100000101000111200332224335554355544
3|SB1|6|1|001111002111002231055331455333445553
4|SB1|6|1|300011330212332222334452334455444555
4|SB1|6|1|000000110000122030225030445533445533
2|SB1|6|1|001111301111322145324445224445224555
1|SB1|6|1|000022003122003342033442003542005542
2|SB1|6|1|111110111222112225112235443335444555
2|SB1|6|1|000001020011020212322222522442554444
2|SB1|6|1|000111020111222221325211355241335511
2|SB1|6|1|100333102233102223100533145555115555
2|SB1|6|1|331200311220313220333222333224335524
2|SB1|6|1|000011000014022044333444554444555544
2|SB1|6|1|110000111222112244133334135434135444
3|SB1|6|1|100033100333122433124453444553555555
2|SB1|6|1|100000110200311200355222354442355444
2|SB1|6|1|000001000111211131224435224435244455
2|SB1|6|1|111102112222333222344455444445445555
2|SB1|6|1|441103411333443322443333455553455333
2|SB1|6|1|110002113302111322133322334422444555
4|SB1|6|1|111200111220142233142253144453444555
2|SB1|6|1|111000131110233110233100533444553444
2|SB1|6|1|000000110000115220155333145333155553
2|SB1|6|1|330000130020130222133422113442553422
4|SB1|6|1|110000111100211100222230445533444533
2|SB1|6|1|110000110222330002333552433522435522
3|SB1|6|1|000044011004112224333244353244355444
3|SB1|6|1|000221000211022223444333454443453333
3|SB1|6|1|301111331112333312333412353444355554
3|SB1|6|1|110000111002111002331102555442544422
3|SB1|6|1|000022113002433302444333444555445555
3|SB1|6|1|111102111102133102553332455332555322
3|SB1|6|1|111000221110221100253444255444555555
2|SB1|6|1|000111000113020113443333444433555443
3|SB1|6|1|222200112000222033222033444433555433
3|SB1|6|1|000002100022100022113222553424553444
2|SB1|6|1|000000011100222110541130544433555433
3|SB1|6|1|000011030214332214355544555444555544
4|SB1|6|1|111100100000115200335224355524555555
2|SB1|6|1|330000132200332200333222553442555544
3|SB1|6|1|000000111000122233122433115433155443
2|SB1|6|1|111120122222322222333224354444555544
3|SB1|6|1|110000111102110002330042555442544422
2|SB1|6|1|222000112233412233414333444433454433
2|SB1|6|1|302411332411332444334444444444445554
2|SB1|6|1|130000134420134420133420444444554444
3|SB1|6|1|110000133000113332144333445555455555
4|SB1|6|1|200011204013204433404335444455455555
2|SB1|6|1|000111022411222441355541555544555555
3|SB1|6|1|222100211100244110245513445515455555
4|SB1|6|1|000011000001022011423315423355422355
3|SB1|6|1|110022100224110024553444553444555444
3|SB1|6|1|000000012200312200311500351504355554
1|SB1|6|1|100000111100213300213300243300222225
3|SB1|6|1|111000221110231300533300533440554444
1|SB1|6|1|220000211100222144233144333444353344
2|SB1|6|1|044111442111442221443331443331444533
2|SB1|6|1|000002102222402232444332443333333353
1|SB1|6|1|023333223133223113233335224335255555
4|SB1|6|1|000111001112011222011322044355445555
3|SB1|6|1|001111001011200044233044335054555554
3|SB1|6|1|000003100003112223422533442533422533
2|SB1|6|1|220000222001222031242433444433554433
3|SB1|6|1|001222001122333342333442333444353444
2|SB1|6|1|000001002001332331333333453553555533
2|SB1|6|1|122003122033222333522223524433554433
2|SB1|6|1|000444110044113024133444333444555554
2|SB1|6|1|000001000111202131222133444335444445
2|SB1|6|1|311000310000300250300550334455333445
4|SB1|6|1|000001020101220111253311253444253334
3|SB1|6|1|000114020014022014225314255444255444
2|SB1|6|1|110000111033142033144443145333445533
4|SB1|6|1|000001000111203311222313445333455533
2|SB1|6|1|110000111222111222131122335422355555
2|SB1|6|1|000000002111022211033221333241355244
3|SB1|6|1|222220211122112224333324553544555544
2|SB1|6|1|000000011200351200355550344455333335
2|SB1|6|1|122203122233422333422233444333444555
3|SB1|6|1|110000110020111122312222552424555444
2|SB1|6|1|111000331020311020333324334444355554
2|SB1|6|1|001112011112001112433555435555335555
3|SB1|6|1|001111501111523311522334544434555444
4|SB1|6|1|110000111220141122443332422222555222
2|SB1|6|1|000000111103211133411333414333444553
2|SB1|6|1|000000020011420000440333443355333335
2|SB1|6|1|300031333331233331222355542555555555
3|SB1|6|1|100000111000122220324522344552333352
2|SB1|6|1|000222001112111142113142333442353442
2|SB1|6|1|200111201115221115224435244455245555
2|SB1|6|1|110000111100111220333422334422544444
2|SB1|6|1|311000311200322220325220325422555222
2|SB1|6|1|201111211111244131243333244433244453
3|SB1|6|1|220011220113222213442233422535555555
2|SB1|6|1|220000200201222211242233242555445555
2|SB1|6|1|000221000211002213222443224433255533
2|SB1|6|1|200111203331203335443355444455455555
2|SB1|6|1|000001000331420311443335443555444455
2|SB1|6|1|111022111022111224333324333444533344
2|SB1|6|1|013332011132333332433333444353455553
3|SB1|6|1|222000122200422220443230443333444553
2|SB1|6|1|220011223314223344233344254444255555
2|SB1|6|1|110000111000221300244330245530255500
2|SB1|6|1|000000110022110022133322334442335552
4|SB1|6|1|000111011122001222000322443355444555
2|SB1|6|1|201111201133222133424333444533445553
2|SB1|6|1|100033120033122033155533445533455553
2|SB1|6|1|000000200001222200223334233444255544
3|SB1|6|1|001222001112001222033324044444544444
2|SB1|6|1|110002110022110022415322445322455522
2|SB1|6|1|000000100020110220333222334422344425
4|SB1|6|1|111000110000110020352222352244355444
2|SB1|6|1|000111402111402553455553455555555555
2|SB1|6|1|000033000113022133222113244433255444
2|SB1|6|1|000033102033122533442533442533455553
2|SB1|6|1|022222002231442231442233442553445533
4|SB1|6|1|110000111300221300222333224433554443
1|SB1|6|1|000000113022133002113332433322433522
2|SB1|6|1|111000221133223333233553244555255555
2|SB1|6|1|111002511002500022553334533334555533
2|SB1|6|1|110002111002111222333322334422354444
2|SB1|6|1|000011011112011122033322043322443555
4|SB1|6|1|220111220221222211225233455553455553
2|SB1|6|1|000001000111002111442535422535425555
2|SB1|6|1|000001200111205333255344225554225555
2|SB1|6|1|111000111102111102131222333455555555
1|SB1|6|1|111110112244112224532444555444555544
2|SB1|6|1|000000200031224031524033554443555553
2|SB1|6|1|100002110022130002333342333442533444
4|SB1|6|1|000111001122003224033344333444333554
2|SB1|6|1|100032111332441352445355445555455555
2|SB1|6|1|311110331122333122353142355442554422
2|SB1|6|1|001111201111222211243331243331443511
4|SB1|6|1|111000120033122033124433124434554444
2|SB1|6|1|311120312222332222322442354444555444
2|SB1|6|1|112200112202222222232522335542335544
4|SB1|6|1|000022140002440002444352443352444455
1|SB1|6|1|122220122244333224333224333544555555
3|SB1|6|1|333330113330212233222335245535444555
2|SB1|6|1|110444111114433224433424444444555554
3|SB1|6|1|100002110222411222453322453322455333
3|SB1|6|1|000111011133024333424353444555445555
3|SB1|6|1|200001203001243333244433445535444555
2|SB1|6|1|000022113002433022433522435552335552
2|SB1|6|1|003334000314233344222344525334555344
3|SB1|6|1|011222011112111442331444355544555554
2|SB1|6|1|000000031033231333333333343353343353
2|SB1|6|1|110024312024312224333244353244355244
2|SB1|6|1|001111202211222221224235244255445555
3|SB1|6|1|000112011122011222311522344555445555
2|SB1|6|1|210000211330213300212333222443253333
2|SB1|6|1|012222011122113122333322442222455552
3|SB1|6|1|000011022113021133423333453553555533
2|SB1|6|1|000111001122001222003322044333555553
2|SB1|6|1|111000111110230000233040533344555334
3|SB1|6|1|000011000113021113021443224433222255
2|SB1|6|1|220011222241222444322224352244555555
1|SB1|6|1|100022110222100022113322433355333335
4|SB1|6|1|000000112200411222411332441532444552
4|SB1|6|1|111100111100110002534422533424555444
4|SB1|6|1|111000411020411020443322444352444355
2|SB1|6|1|110000110202122222223242533442533332
2|SB1|6|1|022444002441002244033244335244355244
3|SB1|6|1|002111022111322211323111333314355544
2|SB1|6|1|500011502011502211533222544444555444
2|SB1|6|1|000000000011020031424331444433455433
4|SB1|6|1|133330113222113222113222413355415555
2|SB1|6|1|110002112222332255342255344255442255
2|SB1|6|1|000000002011222011253411253444553444
3|SB1|6|1|111000111003114203444233544433543333
3|SB1|6|1|300001332021332221334425334425444555
4|SB1|6|1|110000133222133222334455344455445555
1|SB1|6|1|000000111002100002003052433552555522
3|SB1|6|1|110000111100111102355442354422552222
2|SB1|6|1|000001222201520000554433554443555543
2|SB1|6|1|000000122000222220333420535440555444
2|SB1|6|1|011111222231222333222333442553445555
4|SB1|6|1|100000113200113220333322435352455552
2|SB1|6|1|100044113444113224133244155244115444
3|SB1|6|1|110003100033222003442223444553555533
1|SB1|6|1|300000301000331120334144354444355544
2|SB1|6|1|011222011112011342331342533342555344
2|SB1|6|1|000111520111520113554333554443544333
4|SB1|6|1|100333100033142233142533145535145555
2|SB1|6|1|100000111100222200352200352440355444
2|SB1|6|1|000222100022105522335222355224355524
2|SB1|6|1|111110122224111224335224335544355554
2|SB1|6|1|022233002231222233442333445553445533
2|SB1|6|1|100000110020310020310522334522444555
2|SB1|6|1|001111000011203011233333233444235444
3|SB1|6|1|000111011122004422333425353455355555
2|SB1|6|1|112205312255313225333425344425445555
2|SB1|6|1|200000222001222044223344222344555444
3|SB1|6|1|110000111100210000244333243353244453
1|SB1|6|1|400000410220442220433522435522435522
2|SB1|6|1|002211022211022244323444333444335444
3|SB1|6|1|111200112202111222322225325445355555
4|SB1|6|1|110000111000111200135222335524335554
2|SB1|6|1|110002110222111225133225433225335555
2|SB1|6|1|011133001113222213255113253433553333
2|SB1|6|1|000001033011023331333311333444533334
2|SB1|6|1|122220112000112222333222445555455555
4|SB1|6|1|000000002211304215304225304455333455
2|SB1|6|1|100000113000313220333320433222555552
2|SB1|6|1|220001220111220313222333242333443335
4|SB1|6|1|000000100002111202331222355424555444
2|SB1|6|1|001111321122322225334255344455335555
2|SB1|6|1|000000000001220011233344233344254444
2|SB1|6|1|223001223331222344223334253344553444
2|SB1|6|1|001111022213022113022233425533555553
1|SB1|6|1|000333230313230333233333243353443355
4|SB1|6|1|100000111002111002312222344425334555
2|SB1|6|1|000233110233222233242333442533445553
4|SB1|6|1|110233100233102233112533142535445555
4|SB1|6|1|110022310022332225333355443335333355
2|SB1|6|1|211000211113221133222133544113555333
3|SB1|6|1|000114000314222314223334223444523344
2|SB1|6|1|000222110022432222433352444552555552
2|SB1|6|1|220003220013200333224355244355255555
2|SB1|6|1|000000000211000214322244332244335554
3|SB1|6|1|200000200111221131224531224555444445
1|SB1|6|1|222022152222552233543335543555555555
2|SB1|6|1|000002110022100025003525455525555555
3|SB1|6|1|000111220013420333422355433355555555
3|SB1|6|1|310002311002330022530424534444555444
3|SB1|6|1|000222100002133222335222335244555544
2|SB1|6|1|201111211111222541233544235544235554
4|SB1|6|1|001111202131222331243333245553445533
2|SB1|6|1|000011003001223011223333243333444453
2|SB1|6|1|000000133300113322133335143535555555
4|SB1|6|1|000221002211002411222433225444255444
4|SB1|6|1|000011002001002111222533455533455553
2|SB1|6|1|110000113222113222133222334422344555
2|SB1|6|1|201113211113222233222433224445244445
4|SB1|6|1|111000111110124100224330554330555333
1|SB1|6|1|000000010000011120314220244200222255
3|SB1|6|1|000000021110222200233444223554255544
2|SB1|6|1|100333112333122223122533142553155553
2|SB1|6|1|301111332111352241355444354444555444
2|SB1|6|1|000011002111322241333441344444544444
2|SB1|6|1|000000102202332222334422333444333544
4|SB1|6|1|333000333001223011533314533444553444
3|SB1|6|1|112202112202111222311142333544355554
2|SB1|6|1|011122222122222222523333533443555444
3|SB1|6|1|111000111022131002333022445222445522
2|SB1|6|1|000011000331423311443355444555455555
4|SB1|6|1|000222000211000222334225334225444555
1|SB1|6|1|000022133022333022533332533342554442
2|SB1|6|1|000322003321033221035241035241055211
2|SB1|6|1|220111221111222131244133244443544444
2|SB1|6|1|022222000211333244333444335445355555
2|SB1|6|1|011112111112111132553332533344555334
3|SB1|6|1|100003111003112233445535444535445555
3|SB1|6|1|000111022131022233524223524333555553
4|SB1|6|1|001111011122334222354422554442555444
2|SB1|6|1|133002113002413002413302455502555000
2|SB1|6|1|300002312002312222334222534442555544
3|SB1|6|1|111100111330211300223300523334553444
2|SB1|6|1|222220221110221314553334553444553334
3|SB1|6|1|000000001030221130424130444433455553
2|SB1|6|1|100000110002133002433322435522455222
2|SB1|6|1|222330123333122223222233442533445533
3|SB1|6|1|110000111033112003544443544543555533
2|SB1|6|1|000014020014023334043344443444544444
4|SB1|6|1|000111000011020011223334225344225554
4|SB1|6|1|000111000011023111223314253444553344
2|SB1|6|1|111110111222111244351224354444355444
3|SB1|6|1|200333200133220335200035204445244555
4|SB1|6|1|100022102223111233445553445455444455
2|SB1|6|1|011111111221322224333424554444555444
2|SB1|6|1|330222330211333211333241333541355555
3|SB1|6|1|110002111102131222333332444422544422
2|SB1|6|1|100000111000115222415322455522455522
2|SB1|6|1|122200112220312224322444522554555544
4|SB1|6|1|201111200111222231444231455535444555
3|SB1|6|1|000333110033112233422333442553555553
4|SB1|6|1|111000111102332222333332455332455332
2|SB1|6|1|110022110332113322133334533334533333
2|SB1|6|1|120333122333522223523333544553555553
2|SB1|6|1|200005221105222335245335445355555555
2|SB1|6|1|000011000011022211223331444333443335
4|SB1|6|1|000001000011211114233144253554255554
2|SB1|6|1|011111211111222131442331444351455551
2|SB1|6|1|100003122533442533442533445533455533
4|SB1|6|1|111103112203112233444233554223553333
2|SB1|6|1|000000011000312200312440312440555444
4|SB1|6|1|110002110002110222114233444553444455
2|SB1|6|1|100000111100230000233300443333555553
2|SB1|6|1|111100111120111120355420555440554444
2|SB1|6|1|022111422221422211422333444553555533
3|SB1|6|1|110000510222533222533222554442544222
2|SB1|6|1|000001001101201111203414225444255444
4|SB1|6|1|200011202011202211222333443355433335
4|SB1|6|1|000122033122003122003322503444533334
2|SB1|6|1|000022103002303322333422333442553444
2|SB1|6|1|001111222213222213425233455235445555
3|SB1|6|1|200014200014222044223044553444555554
2|SB1|6|1|002211002111322141332445555455555555
2|SB1|6|1|110000111110213411233411235441555441
3|SB1|6|1|000222100002135222135224155224555524
2|SB1|6|1|100000110002112222552322453332455333
4|SB1|6|1|002111222211222214235224335444555444
2|SB1|6|1|110003112233512333543333544443555443
2|SB1|6|1|011122333112333442333542355544335555
3|SB1|6|1|000011030021330225344455444555455555
1|SB1|6|1|222203111233112233112233143333555553
4|SB1|6|1|111000121230222233244253444453444455
2|SB1|6|1|111102111122111222322242332244355444
3|SB1|6|1|111110111233122233112333544433555533
4|SB1|6|1|000111000111222211223411233444555544
2|SB1|6|1|220000222100222203223333525443555543
4|SB1|6|1|000000000122011112013332005342055344
2|SB1|6|1|000022000021030222032222333442355544
2|SB1|6|1|000001000001002001332044552244555544
3|SB1|6|1|111000211110221140333440355444554444
4|SB1|6|1|110000111000331220433222432252435552
3|SB1|6|1|111220312222311224322244554444555544
3|SB1|6|1|000111001122000332044335443335443555
3|SB1|6|1|201111201111221111222314553334555533
2|SB1|6|1|000000101022111002131222331444355444
4|SB1|6|1|200011202011222031222231244335445555
2|SB1|6|1|222220122220422000422333445533455533
2|SB1|6|1|000000110010211110443311443111433355
4|SB1|6|1|000000110422100425334425444555445555
2|SB1|6|1|000000000111000221032241332541355544
2|SB1|6|1|000211000221002211032222544444554444
2|SB1|6|1|111000111020111220122233422333425553
1|SB1|6|1|222000122200111200535200555240555440
2|SB1|6|1|003111333121333221532221522241555111
2|SB1|6|1|111044121044322224332244355544355544
2|SB1|6|1|222001222211422333422233444533445553
4|SB1|6|1|000222100002133522333544353554555555
4|SB1|6|1|111100221111225333225334525544555444
2|SB1|6|1|001111000111022144222334552544555555
2|SB1|6|1|003111233111235541233544235554255544
2|SB1|6|1|100000111002111002113222443355333355
2|SB1|6|1|000111031122032222333422333444533444
2|SB1|6|1|220003200013204033224333554433555333
2|SB1|6|1|111102111112112212333222433333555553
2|SB1|6|1|200011202013222213222333244553225533
3|SB1|6|1|000000102220332224333244355242335222
3|SB1|6|1|111000111030122230122233222443254443
2|SB1|6|1|220111222331424433424433444533455533
2|SB1|6|1|110000111102111102534422535422555444
4|SB1|6|1|222200222100221113223333533344555344
2|SB1|6|1|001222301124322224333324555354555555
4|SB1|6|1|111200112202111222311222333542355544
2|SB1|6|1|000000330111332144334444555444555444
4|SB1|6|1|000001020211022233055333055443055544
2|SB1|6|1|000111200111203111233314223344225333
3|SB1|6|1|100000110022110525330525344525345555
1|SB1|6|1|000002100002440222433352443555433555
4|SB1|6|1|111200111202311202322222333542555544
4|SB1|6|1|000031022231042333444335455535445555
2|SB1|6|1|000000001000001112351112354422555422
4|SB1|6|1|110233111233412233412333442235455555
2|SB1|6|1|200311220314222314233334235344225444
1|SB1|6|1|000111000015023115033315443115555555
2|SB1|6|1|000000111200122240352244555445555555
2|SB1|6|1|200111221114233114223334523444554444
2|SB1|6|1|002221000221022221224433424553444553
2|SB1|6|1|100000111000111002311422344444554444
4|SB1|6|1|000011000111031112333322443225443355
2|SB1|6|1|000000011000011122341152344152445552
2|SB1|6|1|111103121113221333222333544533555533
2|SB1|6|1|110000211100220000233300243000233050
2|SB1|6|1|000022133002130022130522133554133555
2|SB1|6|1|001111231111234441233344235544233544
2|SB1|6|1|000111520111520133511133544443554333
2|SB1|6|1|001111001111211111221135244555245555
4|SB1|6|1|222100211111214411444431445333445553
2|SB1|6|1|330000133300332300442330445530455530
3|SB1|6|1|400001402001402201422333455353445553
3|SB1|6|1|110000111022333332334422333424533444
2|SB1|6|1|001111000011022222222233242433544443
1|SB1|6|1|011111111211112231222231242531555531
3|SB1|6|1|000111000001323003333303445333445553
1|SB1|6|1|000000111000122033122233124433154444
2|SB1|6|1|220011220011222011222331223344523344
4|SB1|6|1|111002111022111024130024335054355555
4|SB1|6|1|112220411200411222433255445255455555
4|SB1|6|1|000011022014223004533444555554555544
4|SB1|6|1|000111031122334422333445355455355555
3|SB1|6|1|210000211000223330223530445550555555
4|SB1|6|1|000022000122311122333112433511444551
2|SB1|6|1|211110221114221114223334555344553334
2|SB1|6|1|111110221133222333424355444335445555
1|SB1|6|1|111220121233122223114233144433144533
4|SB1|6|1|000331002231042233444233455255445555
2|SB1|6|1|004444011424033424033444335544555555
3|SB1|6|1|000000003001223111523314525344555334
3|SB1|6|1|001111003313022313002333222334555534
2|SB1|6|1|000000102500222530422530442550444500
3|SB1|6|1|011111012131022133444335434355433355
2|SB1|6|1|111110111111311122313422333425555555
1|SB1|6|1|111000111110331120333120444422454422
2|SB1|6|1|100000101002111222133555333445333335
2|SB1|6|1|111200112204111224314444555445555555
2|SB1|6|1|003311503311522331553331544311555511
3|SB1|6|1|500111501111521133524333524443554333
3|SB1|6|1|111102111122133222532244555444554444
2|SB1|6|1|111000110033222033222223242233445533
1|SB1|6|1|000111000131223333223353425353555555
1|SB1|6|1|000033113333333325333225455525555555
4|SB1|6|1|100022155024155524135444335444355444
1|SB1|6|1|111000111000110002315222355422555522
3|SB1|6|1|000001000101020111222333254443554433
3|SB1|6|1|011222001112322222332424354444555444
2|SB1|6|1|000011000111424111444311433333335553
4|SB1|6|1|000001020111020224322224222544225544
2|SB1|6|1|011133021133222133211133214153244553
3|SB1|6|1|000000033301222331433341444344554444
2|SB1|6|1|111202111222314222314424344424354444
1|SB1|6|1|000122011122001222031122331422344425
2|SB1|6|1|110000111302433322444355444555444555
3|SB1|6|1|022111552111552111542213544433555333
2|SB1|6|1|000011000011021111222143444443544444
4|SB1|6|1|100000122200332240333344335554355444
2|SB1|6|1|110222112222332224332244335244355544
2|SB1|6|1|011111111321111322411325443355333555
1|SB1|6|1|000000042011042211542231544555555555
2|SB1|6|1|000014220114200004222344225444225544
2|SB1|6|1|000000002001022221033334334444355444
4|SB1|6|1|122000122020112222333224355224352224
3|SB1|6|1|000111022131421133423333455333445533
3|SB1|6|1|000011022011221113222333244453444453
3|SB1|6|1|220011200111222111335111355444354444
2|SB1|6|1|000000103000103302103305145305145555
3|SB1|6|1|002111022221332222355442354442355444
3|SB1|6|1|111000110020115520133522435552435552
2|SB1|6|1|100000100222133322332222334442335542
1|SB1|6|1|000001020011022211223113243333333533
1|SB1|6|1|000000140000142000143330145330155533
1|SB1|6|1|100000111030233330233350243350555550
2|SB1|6|1|100333110233100223110033140033000553
4|SB1|6|1|000112301122334422534442534442555542
2|SB1|6|1|000111001121000222003335043335555555
2|SB1|6|1|000000011111442211422535455555445555
3|SB1|6|1|111100112200112204532244555224555222
1|SB1|6|1|220111422111424331444331444533555533
2|SB1|6|1|000222110002443322433335444335444355
2|SB1|6|1|222033112033122233142535142535155555
2|SB1|6|1|000001000101203111303341333441553341
2|SB1|6|1|000011022111322221331121555141511111
2|SB1|6|1|001111001111201141204443204555244555
2|SB1|6|1|100322103322443222433325444225444555
3|SB1|6|1|001114200014223314333444353544555554
2|SB1|6|1|100000110000410202433222455522455522
2|SB1|6|1|000000100044133224153244555544555544
3|SB1|6|1|000011300011302211333241532241532444
4|SB1|6|1|002211000211222211222231425333445555
2|SB1|6|1|100022111002131022433022455522455552
3|SB1|6|1|000111220011223311233344222444522444
3|SB1|6|1|001111000111230111233444225444255544
2|SB1|6|1|000001000101200111203311223441553333
2|SB1|6|1|000000110330110230000233402223555523
2|SB1|6|1|000033100033110233444333444553455553
2|SB1|6|1|000000000001020011423331422333225333
2|SB1|6|1|111120111222122222442333445553445553
4|SB1|6|1|001111000214222244333445355455555555
2|SB1|6|1|000011000111011122344442554542555542
2|SB1|6|1|011222011122113122513122555442555222
1|SB1|6|1|302111322111332214333334353444355444
4|SB1|6|1|222100222101223111253344555344555344
2|SB1|6|1|201113200013222213225333255334225533
2|SB1|6|1|112230122233222233442333442553445533
2|SB1|6|1|001111201111200111222354225554555444
3|SB1|6|1|000111001101200001244031244433224553
3|SB1|6|1|112000132220333244333334333554555554
2|SB1|6|1|100000100224332224335444355545355555
2|SB1|6|1|111100311220311120332220534440534440
2|SB1|6|1|000111440001442333453333453333555533
2|SB1|6|1|000000111000111020322220333334555544
2|SB1|6|1|333300133300113220333440334440555444
1|SB1|6|1|111000111100222100223200522240555200
4|SB1|6|1|333001330001322204333244532244555544
1|SB1|6|1|000022031222433332443333445553455553
2|SB1|6|1|100000111000211130211330445533455533
1|SB1|6|1|110002112222112222413522414522444522
3|SB1|6|1|000332100032003032343332343322333352
2|SB1|6|1|000000002211022315222335243335555555
4|SB1|6|1|300011320021322224332524355544335554
2|SB1|6|1|220001200111250044553444555544555554
4|SB1|6|1|110002111222421222422233444453444553
2|SB1|6|1|111002113022113022133524133554115554
2|SB1|6|1|111120111222112223442333442533422555
2|SB1|6|1|222000122220223220333330335440355544
4|SB1|6|1|111000133222133442333344355444335444
2|SB1|6|1|002222000221322224325424355444355554
3|SB1|6|1|111000111110211110225310555344553333
3|SB1|6|1|000222100002403002433332444533444555
2|SB1|6|1|100000120033122333122333122433555533
3|SB1|6|1|111000110030122330522233525433555333
3|SB1|6|1|111100111220111233112243144443555444
2|SB1|6|1|111000111000130002334222344442354442
2|SB1|6|1|000000112020112220132240332240355240
1|SB1|6|1|000000102500002500555530544533555533
2|SB1|6|1|000011001112305512355511355444555554
2|SB1|6|1|000000211000211110222310225334555544
1|SB1|6|1|002114022214022224325224555244555544
2|SB1|6|1|000022011022022222335542355442555422
2|SB1|6|1|000000111220111200311220354424355444
2|SB1|6|1|111000121113223333554353554453555555
3|SB1|6|1|110000111000112220333222353344353444
2|SB1|6|1|000011000111202111222133224433524433
2|SB1|6|1|000000000021000221035224335244355224
3|SB1|6|1|100022111002131022133022433522455552
2|SB1|6|1|021111223314223314225344255344555444
3|SB1|6|1|011113011133021113222433244453225553
4|SB1|6|1|200011200314223334553544553544555544
2|SB1|6|1|000111001122011222043322043522444555
1|SB1|6|1|000111001131200033445033445533455533
2|SB1|6|1|000233110233122233433333443333555553
2|SB1|6|1|002111022141002241300044550444555544
2|SB1|6|1|000011220011222222232322333342355522
4|SB1|6|1|100005111205113225133245335445355555
2|SB1|6|1|000000100200122200522233524433554433
3|SB1|6|1|000111011133021333024353444555445555
1|SB1|6|1|110000111000110002355222335422555222
2|SB1|6|1|111200131222133244533444533334555344
2|SB1|6|1|110322133332133522135524135524155555
2|SB1|6|1|002221002111022311003334003434005444
2|SB1|6|1|311110311111351122354422554444555544
3|SB1|6|1|000014002014322314333344355444355444
2|SB1|6|1|000233140233142233142333143335145555
2|SB1|6|1|003314203314200344533334535444555444
1|SB1|6|1|011111411211422222422535442535555555
2|SB1|6|1|000000010002000002300052004452005555
2|SB1|6|1|550001551111533211533114533444553444
2|SB1|6|1|000000100000112222133322443355433555
3|SB1|6|1|133000113000133320113320455322445552
2|SB1|6|1|111024131224132224332544335544355444
2|SB1|6|1|111002111122144122344222444442552222
2|SB1|6|1|001113002113022133022223224333444555
2|SB1|6|1|200001200011204011244003444005445555
3|SB1|6|1|022111422111422331442231442533445533
3|SB1|6|1|200011203001203055403335443355433355
4|SB1|6|1|110022110022130224130244333444555444
3|SB1|6|1|110003211033222003242333242233445553
2|SB1|6|1|011111221133225533422533424533444553
3|SB1|6|1|000011021111022214223314253514255544
4|SB1|6|1|000011203013203013223333443533455533
2|SB1|6|1|300211300211300214332244332444534444
3|SB1|6|1|200031222331442331433333443553555533
2|SB1|6|1|111102331112335122355124555424555444
2|SB1|6|1|100333120333222233244433445535555555
2|SB1|6|1|220000120000122233122223142333445533
2|SB1|6|1|001122011112001112333322334342544444
2|SB1|6|1|100022111002331022333322334442544422
4|SB1|6|1|111000121133122233422235442235422255
3|SB1|6|1|000111030122031122333322433322445555
2|SB1|6|1|221100222104221144253144551144555544
1|SB1|6|1|220111223313224333224333544333555533
2|SB1|6|1|011111001131221135444335444435444555
4|SB1|6|1|110000111000221030421135445135455555
2|SB1|6|1|000011011111022223003333033344055344
4|SB1|6|1|100000111000112222133322153324153334
3|SB1|6|1|110000111100221100224430244555245555
3|SB1|6|1|133300132220132224332444532224555444
2|SB1|6|1|001111221113222213225333425353455555
2|SB1|6|1|000000022011022001044331044441445511
2|SB1|6|1|000002100332440322440325444555455555
3|SB1|6|1|022113222213422113442233444255555555
3|SB1|6|1|001111000111022111002233554433544333
3|SB1|6|1|333001322001352222355244355244354444
3|SB1|6|1|000011001112000012333222353344353444
2|SB1|6|1|000011200011223311233311223344524444
2|SB1|6|1|011222011112034412034112554442555444
2|SB1|6|1|200011204015204115224355444455455555
2|SB1|6|1|111202131222132224332244352444555555
2|SB1|6|1|000011000001022011332222544442555444
2|SB1|6|1|111130122233442333442333444533555533
3|SB1|6|1|222000222011222031222231444335455555
2|SB1|6|1|302111322221322255332245555545555555
2|SB1|6|1|011111222111322211333211333341555511
2|SB1|6|1|311120331122334422354422555442555544
4|SB1|6|1|000022110022130224132224333444555444
2|SB1|6|1|200011220111222331223311423355333335
3|SB1|6|1|111100114003114223114423114433554433
4|SB1|6|1|100044111024331024322224552244555244
2|SB1|6|1|000311000311220311443331455551455511
4|SB1|6|1|110000211000214440224333224433553333
2|SB1|6|1|000033200013202033222533455553555533
1|SB1|6|1|022211222213222233425233445333555553
3|SB1|6|1|110000110230122233122333552433555533
3|SB1|6|1|000031000331223333422333445533555333
3|SB1|6|1|222220111220442233433333443553555533
2|SB1|6|1|111100111100111132133332455322555222
1|SB1|6|1|222033122233122233222333545353555553
3|SB1|6|1|000001000101202111222131433335455555
2|SB1|6|1|333320113322113222133224113344155544
1|SB1|6|1|000000211500225503225503245533225555
2|SB1|6|1|111033111033122223142333142533444553
2|SB1|6|1|000111000113204133444433444453444453
3|SB1|6|1|110000111000332202433222435522555522
2|SB1|6|1|201111201133223335423335444445445555
4|SB1|6|1|000111020011322411325411355444335544
4|SB1|6|1|000111001111200013223333224443554444
2|SB1|6|1|111110311222333222334222534442534442
2|SB1|6|1|000000115520155520153500443550455550
2|SB1|6|1|331110233114233344333445333545555555
3|SB1|6|1|000111000311233311333441353344555554
2|SB1|6|1|000001000211022211323311333314355344
1|SB1|6|1|001111201111222231222333222433252443
2|SB1|6|1|111000211110222130244333224443544433
2|SB1|6|1|000000100000110222133335444355455555
2|SB1|6|1|000000100300002303033303444333443355
3|SB1|6|1|200011201111221331244311243331233335
2|SB1|6|1|002211022111022231022331422533455533
1|SB1|6|1|111002131122131112333322333422354422
3|SB1|6|1|220000200001220111422331442311555333
3|SB1|6|1|000222110002110222334424355444555544
2|SB1|6|1|000022011022011022113442155442554422
2|SB1|6|1|330222332211332221533111534441555544
2|SB1|6|1|011111333141332241532441552441555411
2|SB1|6|1|202111222111222211333244553244555244
3|SB1|6|1|440002411022433025433325435325335555
2|SB1|6|1|111100111120134220334222334422334445
1|SB1|6|1|000011000111011112031122331442335442